100 0.010101
0.000000 0.214743
0.010101 0.225053
0.020202 0.238328
0.030303 0.254134
0.040404 0.272036
0.050505 0.291600
0.060606 0.312391
0.070707 0.333974
0.080808 0.362570
0.090909 0.403156
0.101010 0.447195
0.111111 0.490678
0.121212 0.529598
0.131313 0.563761
0.141414 0.584570
0.151515 0.606321
0.161616 0.651513
0.171717 0.685207
0.181818 0.724035
0.191919 0.767547
0.202020 0.815091
0.212121 0.866016
0.222222 0.919668
0.232323 0.975397
0.242424 1.050608
0.252525 1.155221
0.262626 1.267336
0.272727 1.379834
0.282828 1.485598
0.292929 1.641646
0.303030 1.803913
0.313131 1.946121
0.323232 2.029023
0.333333 2.117206
0.343434 2.207367
0.353535 2.296202
0.363636 2.380409
0.373737 2.460637
0.383838 2.550658
0.393939 2.638301
0.404040 2.717459
0.414141 2.782025
0.424242 2.825030
0.434343 2.844293
0.444444 2.853897
0.454545 2.854679
0.464646 2.847472
0.474747 2.833111
0.484848 2.812431
0.494949 2.781337
0.505051 2.711160
0.515152 2.617793
0.525253 2.506888
0.535354 2.345519
0.545455 2.095728
0.555556 1.849801
0.565657 1.641402
0.575758 1.446308
0.585859 1.162288
0.595960 0.936517
0.606061 0.829229
0.616162 0.720276
0.626263 0.651424
0.636364 0.580190
0.646465 0.509121
0.656566 0.444132
0.666667 0.391140
0.676768 0.355254
0.686869 0.330670
0.696970 0.312128
0.707071 0.294370
0.717172 0.272136
0.727273 0.255088
0.737374 0.238140
0.747475 0.220091
0.757576 0.201448
0.767677 0.182717
0.777778 0.164406
0.787879 0.147022
0.797980 0.131071
0.808081 0.117061
0.818182 0.105480
0.828283 0.095961
0.838384 0.088034
0.848485 0.081519
0.858586 0.076239
0.868687 0.072018
0.878788 0.068678
0.888889 0.066040
0.898990 0.063929
0.909091 0.062166
0.919192 0.060687
0.929293 0.060586
0.939394 0.061835
0.949495 0.064061
0.959596 0.066887
0.969697 0.069938
0.979798 0.072840
0.989899 0.075217
1.000000 0.076694
