2000
0.425969528439746
0.186980182160648
0.235454043582602
0.439947169338834
0.402701261666019
0.409995666646393
0.411035497974879
0.598934361728503
0.209757495908485
0.332559535392113
0.070227735031859
0.194424938388897
0.501201437058571
0.693161260149940
0.577360488723999
0.586494767018420
0.309273268244104
0.282246558704260
0.413470406443656
0.117413530682024
0.364704992244800
0.366602501541654
0.485391642211446
0.492936377712040
0.450964396760456
0.534309370295633
0.339739178573894
0.639597797284641
0.225308774913549
0.527058449806934
0.404253605595888
0.551389024902807
0.336446667423142
0.742952050670600
0.416745728853883
0.557448584164368
0.470693963366664
0.520475466173122
0.030187202502455
0.356318134308711
0.323466298513895
0.197066697763784
0.456823721715954
0.498247491208263
0.378207759731231
0.541895704943680
0.570375724396257
0.378744269260596
0.636010887965191
0.510521188591309
0.389433023296291
0.431602166673474
0.203384567974226
0.133633888362637
0.273673632317933
0.238565421761446
0.384949448508705
0.309884889069910
0.007676362558770
0.411466183666936
0.458717501936000
0.446612603523971
0.562105888458354
0.216515867451254
0.534723373461659
0.576049191210150
0.303486358291372
0.558773194549460
0.673680077297721
0.543290270993546
0.396306040611549
0.485869508370880
0.347857344954537
0.373878174299635
0.412172022191925
0.769607456033456
0.930655583728551
0.524577767881986
0.548772846564939
0.344671869845716
0.310445782502978
0.517407252202545
0.678888071205423
0.538845856125543
0.326763642592214
0.679062521581881
0.719031956625533
0.486695503459371
0.495326341625352
0.450686410585333
0.310157613525668
0.465862210893277
0.337723771741800
0.375780660681509
0.365228317418113
0.533215261788966
0.473534040879789
0.463514813417532
0.247965650633781
0.384865997491374
0.324201403316334
0.372200035186771
0.341333999718466
0.546797150995118
0.199135372713953
0.500655627881474
0.266649414378318
0.308399302747397
0.172896313032728
0.323961623944056
0.397223736479138
0.581997455910878
0.692207541535640
0.386245868426523
0.209578742768592
0.420700071411644
0.511359760165634
0.617831638341070
0.447510804394130
0.497484824685526
0.245598237941434
0.355131391197836
0.268243465017959
0.723636593536565
0.303047303121669
0.313826728930344
0.776488111174860
0.262626801619401
0.652186839516844
0.489843314899497
0.385259203019997
0.524966512758668
0.419101587530147
0.363386257402990
0.080343568737168
0.469296923660776
0.112708139015414
0.412271188533731
0.434383686075663
0.320974345104341
0.297122913518883
0.574021702064175
0.258131552157602
0.371376275943364
0.452995770575917
0.435831830057466
0.269362671077047
0.457572567112949
0.440268442265219
0.074728905998804
0.347204367296220
0.437129200948460
0.600878872222125
0.476928597811292
0.360782325511759
0.441125001767662
0.436046310319466
0.386447551512786
0.489199796844202
0.365903466979233
0.410360999278720
0.366094273150967
0.420797812020821
0.530445255997470
0.490858600294067
0.636906127324015
0.569086796127720
0.571028013549105
0.269929709523310
0.481619025845207
0.528705159984056
0.355817683545829
0.191102389812195
0.427953619082703
0.363655600676295
0.575521216952965
0.255287103455029
0.521084403451251
0.538159488765571
0.473975476514139
0.512685790842902
0.432537078639137
0.370287027188878
0.408242190917196
0.558687675354576
0.412843705887016
0.470274748845004
0.565726661705659
0.417597430222761
0.358128039289982
0.311227156480294
0.439111698510998
0.437365026175643
0.443254632851274
0.328681906045284
0.488219035430611
0.011077059123682
0.438426009951974
0.659094624106905
0.364628331677001
0.197950894001403
0.176228105024245
0.421014961577236
0.288781019828237
0.421850321498128
0.308642643806947
0.294702497729043
0.457797248085130
0.336944123921969
0.398789563249247
0.165777155955846
0.463664822298741
0.437289992890717
0.653688359321188
0.514064455638400
0.503291406839732
0.378524911949558
0.387548458175299
0.333526462787486
0.586362027198523
0.382435472436226
0.497705736888445
0.306765553800333
0.566024916799729
0.220985803003681
0.852545767569344
0.587841536238100
0.269339934040891
0.476011829057848
0.520427773648131
0.290412342384353
0.524747762502714
0.088205911190565
0.280252250239808
0.434115425620893
0.149896531683863
0.351472886276031
0.349900704367326
0.513217929753875
0.464618582043488
0.311243056262028
0.441670930748650
0.333828728593008
0.690975432087066
0.287496144672333
0.015864656883252
0.370312110878840
0.448526600437934
0.419569572536656
0.528792318668667
0.545199786756192
0.186283573175287
0.485945555605275
0.402633610698289
0.227059122924375
0.392679563022559
0.495392244785447
0.134705378837384
0.612817721849369
0.393375698665317
0.679937970261060
0.407206725461613
0.385925265836861
0.587569297015027
0.520737949680590
0.282308427493949
0.252813653816923
0.458289450535185
0.428416910437247
0.336617339860801
0.569748224595301
0.078041875031939
0.538374267421085
0.580207827950313
0.253050488593856
0.458706800092374
0.170401813731257
0.472167286876622
0.576818943627994
0.289147921928588
0.525978440450554
0.494448494115542
0.298612500511534
0.358663515005681
0.564948880518078
0.475063343792656
0.299209613236179
0.321686750831632
0.404073969393969
0.553802721973080
0.297283508247960
0.213293551932617
0.362151721687110
0.474137001781231
0.292074645665424
0.377266391151637
0.504110307434014
0.020653800900941
0.600637633417143
0.706785171324009
0.266089882416320
0.565596505486332
0.338515018325084
0.559979472204453
0.407908442876171
0.613100741565796
0.497330259103098
0.615827866491985
0.474524715835563
0.049526859717958
0.578305976438584
0.513102162937962
0.409652193131069
0.600637633417143
0.480590954351816
0.098035663537854
0.447542882591905
0.480969628271647
0.473340270738048
0.389162847367395
0.145662648715906
0.307470533227693
0.706062248114157
0.362731077001479
0.349144799751252
0.461629468118394
0.162819851206620
0.564379602681923
0.576304481667097
0.339683030291247
0.517984660316313
0.519677899122270
0.389233351552184
0.067172980859992
0.441285579433255
0.255774953413822
0.275071694956229
0.551875354848200
0.372474132863288
0.526812333873784
0.413854775108674
0.424188055457722
0.517913881271091
0.381664901775218
0.347667065710561
0.613547819022673
0.529591506558260
0.083339130154581
0.419547813163314
0.140211637682694
0.387276570234909
0.576689836841428
0.549518360613119
0.505202118161655
0.516338651295561
0.502586057070010
0.412898715830484
0.548364908738496
0.355778135861756
0.807400398294830
0.543105872580126
0.383731104197252
0.734533749985992
0.204347067114076
0.427651863277911
0.587950847722297
0.178258496436745
0.566662225919362
0.446152801752733
0.447339720201227
0.549732612580561
0.429386122640360
0.296890514429505
0.496205945170653
0.516420680417206
0.294921543759079
0.494251118137802
0.666512689696697
0.438897437693952
0.469726677975728
0.397223736479138
0.453551706009344
0.352101766475173
0.478148303707021
0.495710929941596
0.473803197320415
0.421665982200569
0.349995036451990
0.430666667220355
0.108011260249965
0.251967287113720
0.355118176605480
0.504739668873455
0.384448387792190
0.258181675824931
0.421926210977639
0.540784670628557
0.587678015474207
0.221786089732629
0.801163488914062
0.550486954678158
0.504312491708012
0.298911468878210
0.596114412843875
0.452792638230513
0.402001561455692
0.696834130910022
0.328373081724646
0.465797866318839
0.636853195435865
0.293137508198656
0.473318741884533
0.334833516890342
0.328108055268999
0.152664671918031
0.479185361366249
0.260879626232375
0.668716288853214
0.392435537156479
0.470210262113099
0.321822933414594
0.238236511118690
0.431344156584500
0.400064341400979
0.374534401301682
0.198868631073451
0.321505056541145
0.882718753473179
0.520714075317341
0.466205416897344
0.512593346097638
0.392284374846968
0.529566468585403
0.485445932588288
0.580138581079854
0.306864149111222
0.405273847164965
0.508668919451872
0.344369014247852
0.465293905361458
0.470758465720487
0.435906899897509
0.381061435740762
0.348996056776711
0.093431157012608
0.345070533852566
0.254408503169143
0.532664821330819
0.331820914356592
0.374187909358955
0.223078623832057
0.489123477464590
0.440396941794548
0.325486019945656
0.354112016421649
0.553996477057850
0.222483303280339
0.959113842644548
0.451627278412422
0.176401781608729
0.589563659069458
0.582334910684842
0.631872085115583
0.142457072100727
0.538266815372420
0.416702022053385
0.474955602517977
0.290221755905881
0.506624635247838
0.560275010691235
0.439465195365632
0.332964094800740
0.594667778140971
0.232393901428634
0.186324628007517
0.369784921381722
0.514378193512115
0.240198290469545
0.630535681553755
0.693736011057803
0.512766704541815
0.354536109167574
0.429988869211046
0.638348447087855
0.382928025517156
0.529453848505833
0.312430301285794
0.143132325717369
0.603259775300536
0.365126276590346
0.525015152358462
0.494042823557700
0.547554977748974
0.513461193185798
0.402994262885390
0.515321503257791
0.577056502842208
0.628065149741261
0.453444796000029
0.079665936804713
0.411002350525331
0.330161637181332
0.353634131857252
0.299034333607247
0.288761672667064
0.526333525763869
0.458803117717523
0.777964151110875
0.471801543070992
0.386459410952741
0.469415096882781
0.787560691028766
0.566982701100163
0.690221479061008
0.603758715985810
0.355237085253183
0.556343179195423
0.350761886825620
0.530974980093653
0.428373819662250
0.358506896249894
0.202266882828769
0.553915686993511
0.344203666727774
0.342544155600635
0.410991300810139
0.592149011359769
0.371326280191547
0.452621578545339
0.436292943622443
0.264015012507155
0.377645764284300
0.516491013682160
0.479823106741775
0.189457047566237
0.373642544947905
0.550224451327577
0.364142360155671
0.460515818656298
0.550796874851372
0.645808762510826
0.806884720082136
0.337355525006004
0.487130538415858
0.424112424716684
0.259328266748241
0.611182448228709
0.319451651645791
0.207527448727092
0.464811508391937
0.386091547531059
0.480731592516146
0.427102078995254
0.597629088855730
0.217029805995729
0.518043659101536
0.206145820585472
0.426735442973947
0.525550961302684
0.480515232055237
0.182925049971491
0.430795736596704
0.260585783838357
0.385937146197466
0.547943964891440
0.650842222056038
0.252576280385634
0.482669533556616
0.530899191653916
0.356541728973534
0.210435044575560
0.167694288521926
0.102772690137958
0.745792426467797
0.525112462624084
0.549411444244337
0.226315797497743
0.415378512172684
0.424252874995583
0.451498979667941
0.382627789555553
0.503627734112360
0.328063855409714
0.588528706784384
0.289762910910197
0.283437308654356
0.314310946874020
0.410737079329873
0.258706598652288
0.453049226270290
0.385996540853278
0.396902824990110
0.247662239124895
0.545417844325847
0.497484824685526
0.491077089658251
0.946437058658532
0.321277749397799
0.474083158571040
0.937142983147956
0.458717501936000
0.783322480986301
0.399313707800873
0.326734009020194
0.370688120093385
0.485771742665848
0.563451672606826
0.298383317382409
0.519737325122004
0.319741695423046
0.723870426732402
0.481543247014621
0.187347843556738
0.572006545563560
0.410571202050160
0.456042932297323
0.498369211146602
0.087503229282420
0.325098390333593
0.311624096330446
0.407162133155481
0.461265356247851
0.592358584506940
0.383407746957486
0.225894222413901
0.240198290469545
0.350277825627780
0.359848373868396
0.473986244457946
0.616038996701260
0.452707108487079
0.295394570723473
0.379231118177076
0.335648587988863
0.343499724857640
0.419526053071147
0.415914801089687
0.465090212465554
0.216892909614165
0.425818456347160
0.232986716827951
0.416953296405314
0.748559125146220
0.350640956605482
0.466226869226904
0.433374777012393
0.603508859675287
0.185130045233332
0.977133066185740
0.327355534413633
0.435713859361749
0.373443977786686
0.221252978557814
0.499788342500230
0.345015583125198
0.326970973477736
0.704523479262249
0.531126671055676
0.525258505817120
0.566831736597985
0.332819686934653
0.434769926339473
0.530382316743153
0.220617757159722
0.564014444682362
0.595691503711454
0.503695034227400
0.339514507721600
0.101828996294953
0.439400926311971
0.626642883668238
0.397040395600397
0.393723168411929
0.615954464761009
0.429396888114853
0.532920587632100
0.441596005204354
0.367793492267170
0.375534320431756
0.482615364069232
0.448793910534678
0.402757627353055
0.521958805338834
0.473813964333666
0.347122627372192
0.328476067753447
0.399142879397881
0.497595265449462
0.312335699103810
0.641369538952468
0.341306109805851
0.350156668263487
0.414403311097260
0.560974485181306
0.698601534344464
0.426649162508861
0.375078014356575
0.330599402287446
0.213153538253871
0.481283465533341
0.513298994498499
0.394994015375711
0.460622886845053
0.467933065898671
0.424998082011809
0.108075177140334
0.631077679949374
0.573671912974406
0.425753706453248
0.319787460263164
0.402024154596427
0.469823385437972
0.441199939081903
0.545709457230131
0.099984502209236
0.345084269666886
0.355395550800489
0.544246905068339
0.853703323682496
0.378500528339325
0.151713059357640
0.376616590495275
0.366881663732180
0.253496386389226
0.622996850398891
0.599883951278517
0.461136854100482
0.267599183379043
0.537000291989561
0.420450224068460
0.257729735203658
0.200576169334267
0.414611622189415
0.398686919107128
0.316392797687147
0.505348566290340
0.538428040623771
0.864940678437276
0.600259945758072
0.517795963412286
0.303587465988922
0.355038875809968
0.446655375490224
0.303300787401155
0.473577103468631
0.390768575105667
0.492050005966842
0.133419090670649
0.438983143859390
0.292858844922180
0.424468915605809
0.573959858633761
0.277013419040876
0.473049650824003
0.538926944553228
0.350963311484901
0.391177425189526
0.595983931899756
0.207780715664108
0.528618050771105
0.491743807386121
0.393329339304969
0.624411293650912
0.428470772148259
0.235484598018629
0.754148812388408
0.527304956865639
0.360937684292586
0.378732087234112
0.491557951542452
0.415060909652935
0.250416515197302
0.424490517934158
0.602130738554802
0.116282738645895
0.469554765156742
0.261367664399098
0.577404066780822
0.426455013115849
0.155871238438333
0.400756650105931
0.380988933449782
0.365623399636182
0.529553951139327
0.595112641282838
0.958197700324552
0.578528489861680
0.318195899267992
0.529691699562837
0.340467932071528
0.474934055269492
0.209793223907975
0.229683422304920
0.461832956857986
0.560309847556576
0.363463238555630
0.499532967321171
0.486162868347170
0.134812300054671
0.032097428072115
0.542330007085305
0.515519914682227
0.010266125930302
0.266835335442932
0.337638841563843
0.446922699154932
0.846518234323979
0.156649335808851
0.753416774466394
0.485771742665848
0.442473586988772
0.818052070815631
0.447553575318256
0.466473587547498
0.510200192214037
0.482366211888296
0.279770193001829
0.393410463539054
0.219643647786516
0.541630572351200
0.119705163974871
0.501212583892326
0.348508657486600
0.512558687027261
0.523041400030082
0.365610663124586
0.490323523506827
0.408464545550740
0.371938168950519
0.376849711789886
0.479542030058827
0.333713625060630
0.371875787025117
0.431064595177056
0.296280282089172
0.404478044218274
0.448088207683644
0.146227495358138
0.385865856879327
0.477586889313088
0.460911985289243
0.618176616978565
0.325128230762915
0.643585235890471
0.457454882119047
0.369382642465702
0.514378193512115
0.071323418108437
0.423680083541271
0.458300151261475
0.373468805648057
0.388633535643551
0.297158622179937
0.178043558964261
0.782147748740805
0.378171142172652
0.694891270661016
0.470188766998472
0.431000073547754
0.300272745233429
0.332226711558505
0.238505678483470
0.220349590698028
0.474029316815380
0.536209175114627
0.115743718756587
0.250443438776740
0.203866525718403
0.410913944891985
0.372112771164807
0.191819933271160
0.434051035997820
0.238893546018345
0.419732744938123
0.382771942270843
0.426034268911394
0.333238232756199
0.324560611182048
0.339444255534493
0.359770404782766
0.800204695253537
0.676040418267847
0.583735877106879
0.540454042342978
0.402216136544660
0.406459190862958
0.390862075515594
0.454054178900917
0.441189233865949
0.283844722394271
0.530206225508258
0.392911785918844
0.509788007250241
0.299629133208144
0.503067348865182
0.452375678857486
0.447628424316189
0.183385047355529
0.302215369863385
0.480385432082480
0.272415943057102
0.494437527652933
0.499532967321171
0.522571652742180
0.303570620223232
0.657273225880050
0.163424144464132
0.507792659787443
0.405027419246954
0.299244635184915
0.201817650988148
0.167603410511838
0.358415494898675
0.464822227062223
0.328373081724646
0.370337192515328
0.913586656461935
0.274155871361425
0.282966652068410
0.658249010444947
0.074993720257893
0.400246065772610
0.344010623930072
0.372287274512290
0.273453852581408
0.230380801471571
0.486902119176802
0.434040304123698
0.472210319967164
0.249388464480719
0.276498345595180
0.280147597195014
0.715555325067503
0.420938967356344
0.530924450247692
0.405352226184961
0.256209578733998
0.457273012123743
0.508668919451872
0.262674952763188
0.154301911945586
0.352368913574911
0.518079065467529
0.474018548638816
0.547884002978095
0.401300438145842
0.385544842239739
0.527255624074275
0.295194705352971
0.516010818048930
0.503123351358731
0.011749931289767
0.401583320937831
0.439957878991091
0.266323344571854
0.535724621795342
0.111038823000460
0.447938511402858
0.868290514148545
0.584618957176758
0.462925547376290
0.396466816620675
0.218222923272105
0.251354932871237
0.322427278769625
0.379874899453135
0.487859687576394
0.449777595001276
0.525185472532139
0.405732719547965
0.304242739550914
0.510704775917674
0.250926935794323
0.595240597921107
0.509319290293305
0.407139835261512
0.381556372548784
0.832231226663384
0.442698292250344
0.361674476175112
0.422002091748253
0.756674158955040
0.351539860980459
0.325873010324037
0.413294581776378
0.383060029289619
0.555928038823548
0.743488183017093
0.616378068933856
0.421958732374123
0.429526067731505
0.145919540506299
0.485326498019902
0.567856089283004
0.405978740494488
0.429116960427872
0.423701707295666
0.313184793286962
0.447596346192837
0.256081929934739
0.453968652083808
0.318885835532929
0.473071176772906
0.731057580060733
0.540028775011000
0.430440768865542
0.347571872870229
0.561609015558337
0.412601579243089
0.442569891304994
0.363540198946945
0.497904662863325
0.388067900882201
0.529980121867435
0.169458284491566
0.292877445763454
0.375866828241643
0.445126246871212
0.289167196185637
0.442762490662321
0.426994254273661
0.137313180850794
0.699789736846635
0.367641710955932
0.461800826367707
0.234902868622569
0.793323918403267
0.508646125935074
0.338275091786621
0.240227801317408
0.421351402334796
0.237365571312548
0.462347079862641
0.399040341370032
0.423917906064988
0.515882150125125
0.352181939455667
0.608816217436131
0.452546739683475
0.289973467843334
0.267090499632551
0.255621135434102
0.498280683854397
0.178344401459712
0.439208110879910
0.387973524077077
0.661029849840244
0.327945948840552
0.910127683074227
0.375176738697838
0.363052432093582
0.498114748361089
0.445008618965606
0.458728203808422
0.570632051954881
0.215828152083625
0.526407092752152
0.440161355115994
0.543205115466112
0.500032768790413
0.332675192846467
0.373158314102879
0.363514547789171
0.403500794409703
0.424166447554422
0.284714929608800
0.469232468485262
0.425214014013437
0.660235842233214
0.187918218741203
0.438200984191255
0.511866386134706
0.239961977541811
0.418949148521146
0.677241224702323
0.170625821359014
0.469984574946267
0.301925285598722
0.516502737921629
0.569358497183973
0.523222327134525
0.555795600957824
0.534645659371012
0.178043558964261
0.641313559022820
0.508315821233869
0.475063343792656
0.456460047404359
0.277718477866055
0.311449584952369
0.402712535539214
0.540138329180447
0.308626434845677
0.411620684227103
0.551373385964976
0.019114580028394
0.424025979024660
0.383275903877027
0.297158622179937
0.176141204812822
0.236973334814665
0.300567194315858
0.954497261871938
0.530457846981581
0.472253353986013
0.089442793352252
0.497926771896149
0.532894991282181
0.414271711988117
0.556609889791081
0.262047395551075
0.391270798765999
0.517737026592185
0.512200789106469
0.399165661449647
0.510395040198443
0.459092084521445
0.332906341991080
0.427544078484252
0.172630638067906
0.360185990878844
0.754885641807796
0.474137001781231
0.578707235805801
0.931659209128086
0.273673632317933
0.445671607711326
0.484078689575100
0.403365791824496
0.480536866572461
0.510326255270647
0.531709569778551
0.365317574801921
0.501591763997073
0.459819945360657
0.448408983381417
0.441253464588169
0.615407586289375
0.689470727880285
0.554142111705992
0.730323238551065
0.273299789618210
0.465272463028179
0.312225247523613
0.452675034782207
0.436432336066299
0.392202948451680
0.339893519662934
0.457101847920216
0.312051501043584
0.440600388117246
0.515158229595934
0.395454954791727
0.349212381709686
0.452835403027810
0.312886630857079
0.434287117692280
0.397315369848547
0.611736611588156
0.339036392168550
0.515589981738105
0.355975817998215
0.225959147994536
0.417673810969613
0.301342834678565
0.321323227676316
0.563289011252524
0.334862162985310
0.351499678235639
0.161418151319419
0.091945761312053
0.321807805742366
0.230538909179130
0.309675962710880
0.421731048999010
0.478245494763427
0.409319538430889
0.386364522150443
0.338811070670273
0.510257486765332
0.165041955313008
0.560187980973051
0.487097903590861
0.551061245453687
0.286630386779698
0.412942718765409
0.515169888292064
0.471081008750734
0.569611606778878
0.394555539448430
0.276777586160916
0.477921551182525
0.411455145801197
0.396730783324130
0.430957057573723
0.386186523747216
0.390300636566316
0.477230725451440
0.233824576224482
0.199629644723069
0.757276826058579
0.135132816503210
0.451563129095946
0.432719694067007
0.021290841707506
0.351352288148661
0.696638847847800
0.741356992116327
0.303334547505987
0.317934744615795
0.623496420774738
0.464468537314080
0.320989524243394
0.465100932627642
0.484762108228235
0.416942373434131
0.727781066896984
0.394463156070800
0.028495955002088
0.363052432093582
0.267852709964567
0.437890206536476
0.395282176173005
0.441360512734291
0.284392036786866
0.505528910683825
0.429526067731505
0.337808672073015
0.502630803515968
0.017691890204195
0.446580524516733
0.261659477473684
0.280168534097350
0.291868294179474
0.470102788853157
0.477964739267948
0.537026778235563
0.630535681553755
0.127427187125717
0.404040279155872
0.326570957792713
0.491634475806177
0.446259732908973
0.573692444787635
0.415137586442302
0.291661537147755
0.250281797820105
0.534025414234550
0.497230927204488
0.549640721671359
0.428621574551226
0.168600823279699
0.465529786186299
0.387300222530917
0.464072017680831
0.500744688013294
0.233235526281371
0.503078548724238
0.967196740771234
0.366195987192550
0.106206382302580
0.456802328193779
0.309836704006266
0.449275063824694
0.258756461027614
0.439818650524783
0.437933074337236
0.196139075743305
0.538913424813315
0.534865955778387
0.461340317743107
0.345111739055349
0.459659376425208
0.202042418715161
0.516713873468540
0.760808923019614
0.276326218965461
0.420385030938280
0.433814916921113
0.594447056027888
0.628881104154822
0.235667778701794
0.536472138807522
0.006162860085014
0.449585137062142
0.547764207913697
0.438168836274001
0.567837004627229
0.186570752204538
0.461886508249554
0.294757302480683
0.331341774441305
0.348142498324927
0.638294567184034
0.789652773344063
0.399302321895142
0.500533203004291
0.559529443814769
0.022178279866471
0.510945912245627
0.381676958018407
0.570198745326448
0.373344646419104
0.506387067773826
0.551592609506569
0.425214014013437
0.397921818332433
0.541770016732215
0.558091391400615
0.468061894548734
0.253208080997102
0.555005359395532
0.517996458891297
0.383503594641723
0.518244365610437
0.529441340289753
0.402159682359381
0.581401042698892
0.547540052681103
0.490345357204088
0.409574596683863
0.347707851774783
0.497528997311549
0.291435518677585
0.463118388506499
0.517513200872552
0.441660227214132
0.524371515343862
0.347408602457824
0.460237454793743
0.167239487458566
0.065196829557217
0.850635866529279
0.344272574721535
0.570336362007228
0.602130738554802
0.277141883038250
0.497429615799071
0.542597256474817
0.529291321519951
0.247385659707894
0.645394106360424
0.231924146267490
0.482496198702030
0.615659439360753
0.416199184384350
0.456952085252613
0.447671195103887
0.505067000177379
0.549947427192164
0.729714040989395
0.542851194336397
0.322487631805379
0.407685799859777
0.406056990170889
0.507633623600007
0.219811994183836
0.075257962154486
0.422273023452832
0.470457472560477
0.619044128986715
0.793987848105140
0.228823712255079
0.515076632797680
0.281522744263052
0.407685799859777
0.435027392150241
0.728261991290011
0.380178060716132
0.298453887204518
0.438683161553146
0.508725911091711
0.501826146007622
0.926124807384771
0.404253605595888
0.372137706263968
0.501190290540314
0.643470025589222
0.560764034517002
0.608930820548502
0.133472805775889
0.273123497776583
0.332400415982859
0.584187767798146
0.119821643181864
0.393526317705968
0.492575158607249
0.778898688035595
0.133365365100397
0.570651803482370
0.308480465687801
0.758645138543234
0.286432575866312
0.597000269941331
0.576261844397699
0.341905045451122
0.461865087606744
0.651223917798132
0.452397061504172
0.048999212968234
0.557972623666206
0.303250130594170
0.433718311974770
0.781372932875263
0.391084022668059
0.445329421460452
0.667294563779586
0.595788755118171
0.154104492324182
0.137366148144717
0.409419361830365
0.591290825959865
0.195789888616985
0.452771255813257
0.593206712042426
0.418872915776785
0.004221147620444
0.330934481712993
0.151260083461843
0.416155441139252
0.521694939844801
0.499988316406188
0.826459270196074
0.519131886685505
0.341013073943278
0.044272763127138
0.403219479571210
0.394336087582332
0.083175233162852
0.451948023320391
0.221919110601504
0.218833261173452
0.445136940298576
0.484078689575100
0.167285013877042
0.346877250039684
0.208933662148387
0.472769834630004
0.348332424035034
0.314700729696945
0.401685101864035
0.530457846981581
0.474880188616812
0.139266335823586
0.474869415538227
0.047831763288453
0.569748224595301
0.266439901855455
0.597297563899235
0.535607132778463
0.420993249835056
0.322774107144802
0.505224643880823
0.258006142664440
0.572429664146370
0.621023323005163
0.109472148848333
0.473426388476306
0.303148756954322
0.386945240361588
0.325843264456185
0.386459410952741
0.134705378837384
0.344492953704084
0.176531930919813
0.313012249547210
0.527341966774459
0.702897332705973
0.520403931043746
0.403174447965287
0.102167003092149
0.326985775861906
0.674432820758584
0.582601845152831
0.029222946385692
0.370399887625544
0.460879862206614
0.457337200589285
0.110664792800153
0.399871153637416
0.240463662770831
0.440643217162866
0.347081747570574
0.528754958883524
0.405766276208609
0.921092307244559
0.548364908738496
0.365992524858604
0.534154417642289
0.569106173319941
0.691543022890128
0.716110037485796
0.321641339859019
0.477651656248343
0.273189634757625
0.457069755447800
0.442591291844213
0.333007400370333
0.481478297049766
0.488382422269268
0.426368716340906
0.388880664385125
0.416756655099256
0.559771472260709
0.340117841501731
0.519238615098936
0.414765072120326
0.343347635106519
0.658600297702734
0.494426561323351
0.187551763844531
0.535907673460007
0.465894383956212
0.503179361850052
0.249225248135121
0.147302644682616
0.445147633722815
0.343927845939860
0.473609401020613
0.583140566038825
0.453947270348487
0.420819530191076
0.526149760051865
0.354403650107581
0.084397482302429
0.539469386053901
0.197220804569267
0.748419272564140
0.515940626908555
0.578729625401246
0.057420002305157
0.479433938896331
0.418273636698429
0.280690937196087
0.562695329454914
0.567418249448286
0.503000156425176
0.448259288403074
0.358872204115779
0.530848687114714
0.510223108667345
0.596638282493098
0.443019270572218
0.510108544619386
0.639433723604963
0.340775597349195
0.778150324238700
0.412579561026678
0.525868405578655
0.353793518750625
0.616038996701260
0.382940028383874
0.680553991608859
0.033748496523401
0.251674844684078
0.243865701770558
0.492969222957703
0.451498979667941
0.332704098569288
0.381133919489785
0.119996175260326
0.577447683011443
0.422533013544997
0.441125001767662
0.728141616749352
0.470156524760329
0.307503231752856
0.226315797497743
0.245991836229366
0.272637476421410
0.292598090200810
0.328520190964093
0.268587190039320
0.064055884493997
0.549885993917450
0.483710001603060
0.310860948318187
0.607342185370032
0.273057327686387
0.628208606690336
0.633788601852456
0.438040241154514
0.258531902485333
0.472425499344059
0.191780145611922
0.474330849380630
0.540577885015099
0.436786149276973
0.418371737915048
0.556526456569848
0.091043088016788
0.509570702369022
0.361777732424430
0.532065485915148
0.230791584834927
0.419156021480667
0.356568022425115
0.560170585716800
0.406816385224136
0.375731410088448
0.808703079367874
0.254148701508497
0.114356116089978
0.449050526404126
0.409363907244140
0.132935183062440
0.267483764938576
0.867446994529002
0.313247497619918
0.919583370953455
0.376248107099995
0.535177524523043
0.614450728722794
0.479952853769903
0.469501045434413
0.389292092357827
0.507383885210714
0.366132419928469
0.689939574343270
0.256056382004743
0.492640824094079
0.516983931974031
0.421958732374123
0.624918154999019
0.291284568427117
0.573405496085475
0.309547231513741
0.173382364906732
0.036075467081973
0.269884444195413
0.340103827429523
0.385128192693627
0.362164609086740
0.533844997953265
0.267345114433436
0.159434560780665
0.942070756676643
0.314373354958444
0.454920146247708
0.173294089552505
0.339092689892095
0.469672953630657
0.465476174467546
0.623907055823816
0.511935540924562
0.457069755447800
0.433181503796228
0.397796040485180
0.330803419394399
0.525685186061361
0.125138641684917
0.105161486076545
0.504919672779023
0.479012464284769
0.485348212234152
0.532588176717580
0.508441064925243
0.202975641985130
0.428438455355994
0.374645681669152
0.446569831508114
0.178086566476950
0.349063677907536
0.594794412973464
0.556409781748893
0.276261615030926
0.305974121452206
0.438983143859390
0.302776330573066
0.125251034535887
0.124688281083915
0.321974158963459
0.352609111422976
0.478612722752629
0.330701432529891
0.458653291303496
0.427263801392811
0.417346402356922
0.549747937769828
0.391013951765605
0.471081008750734
0.359406263315249
0.582189977378380
0.509125167004058
0.187633265003143
0.216515867451254
0.387737451240655
0.280607484012102
0.493319646404251
0.241578588118586
0.062520953658881
0.609699423996071
0.473372564454128
0.361945443718819
0.634505691791191
0.455518926254121
0.520225189162319
0.851778939749289
0.302674546814622
0.343444430237007
0.479390704802988
0.251248089345437
0.333929398479521
0.548515763094346
0.553738244181187
0.464500689281193
0.102031931062306
0.455593780057540
0.385996540853278
0.485912963157397
0.390394282563551
0.092839803501583
0.378878236726023
0.206328270827949
0.486075937039470
0.338994160311457
0.362576697616684
0.580462611003299
0.369533559115071
0.556894152285681
0.382603757013509
0.383802911742039
0.223770502051751
0.502977761502623
0.743219834881779
0.611340342945319
0.400121140614084
0.221186223552396
0.639106589300960
0.500143921627275
0.417259065819266
0.168419841605021
0.706268480632353
0.395880765104207
0.584061767714182
0.212416497389830
0.872562154332073
0.522716088564627
0.676553438456953
0.253679442209225
0.492443841910697
0.513669870142068
0.622499792505521
0.608132285678545
0.473813964333666
0.584900304464824
0.601606819704066
0.260438573528088
0.287142872633718
0.057619444605445
0.160712847252235
0.452621578545339
0.503829669164492
0.035728741083656
0.432719694067007
0.327044976123245
0.384149732317235
0.009451614000056
0.608930820548502
0.195983971531722
0.528867065551986
0.435456452610677
0.497396494143880
0.178473184204617
0.561644408509377
0.032925296011262
0.363399089037541
0.341194518414074
0.409341723409203
0.233017843717130
0.401073964323656
0.702291486254837
0.524153332408131
0.424728122762383
0.619743446218720
0.492312544244020
0.265480694043954
0.329898593371080
0.405900476478224
0.337964245265940
0.387087284106113
0.494580102044741
0.579588232024877
0.207672219631484
0.304108595381702
0.540426544949407
0.356015337552344
0.413788907464848
0.542681820562184
0.811360927335361
0.361571182314230
0.234595675334594
0.371226264285348
0.361739015736134
0.615073236070196
0.014812004271448
0.275115149675534
0.306650432684320
0.599781698209146
0.465133093458495
0.444003390030091
0.367413896655453
0.304928056378028
0.311513069427790
0.236063815843566
0.640423315868075
0.523911150025053
0.640811547231864
0.321338385229011
0.413217636101545
0.421611754975193
0.218731690669920
0.555070905691091
0.383826843586505
0.130501998364282
0.203533014271702
0.689003116321022
0.382098604616242
0.611064254821600
0.520082294174215
0.337851111055923
0.421058382919696
0.420862964387775
0.522535557895149
0.330992708675498
0.511543884249515
0.421741892842582
0.025058870417187
0.536485306361089
0.464640017465368
0.505630403231071
0.328063855409714
0.282802406418860
0.582165867180453
0.378305383199809
0.455326451477411
0.341082876184139
0.340719686994182
0.496933080108784
0.293674119904578
0.551107989299929
0.417259065819266
0.453947270348487
0.426260838311960
0.422002091748253
0.511532373031525
0.454503191436353
0.315431803490570
0.475774646748816
0.957278012967917
0.163841418436763
0.109029549563710
0.578106576730519
0.372137706263968
0.083747611344406
0.452600196028844
0.506896378039145
0.207092381864181
0.252205986270442
0.495952860728901
0.528307349016133
0.702493197986386
0.525599756992426
0.377804703361305
0.541463528338455
0.574104237703979
0.364871023147404
0.266089882416320
0.645690049431030
0.031622234289544
0.521850824047502
0.862469538397266
0.404141341862560
0.956816826973384
0.463675537434650
0.551812435887237
0.386103421223348
0.474503174187067
0.393213409907144
0.270471579576594
0.449103987818779
0.473900102534752
0.560764034517002
0.463471954772519
0.548410136298843
0.478061917400899
0.392307635504604
0.127980505403149
0.447756736530439
0.402430578236545
0.612215064721595
0.291133400063027
0.303722152811691
0.320761738311733
0.579044172869110
0.183343280964909
0.445553981545855
0.280273171415940
0.580765520756067
0.429655236124628
0.544548944812974
0.514610815586976
0.577732125979182
0.532383982813239
0.276562836758313
0.396948688051047
0.535986233046477
0.639488377131040
0.497087491536056
0.283355619905856
0.333209390729511
0.414600660102278
0.463257668449108
0.134972604584512
0.510314792712963
0.357211438264642
0.399188441983750
0.474557028744881
0.953094418690600
0.468974668571654
0.278822162974487
0.442484287621132
0.314716307771153
0.107370053172428
0.337822819228660
0.486771619591760
0.496944107511638
0.407329330370532
0.189859767867766
0.371113707466043
0.237365571312548
0.501480202540944
0.530621624966867
0.395708203873752
0.529353811443383
0.190662458436292
0.502038326283030
0.595465451333374
0.510796613533225
0.197874190987899
0.483514853873953
0.485369926964530
0.511394274432552
0.509845219948134
0.318901145190712
0.474934055269492
0.425796873363557
0.410228186851674
0.171207095108214
0.545257880708198
0.642611499417640
0.523717587839459
0.442719691873610
0.619524396084870
0.548470478020307
0.321383852269093
0.339191179530829
0.487500481472195
0.513739463126751
0.445564674849142
0.478483101716030
0.503773565647862
0.426692303368289
0.339949619471559
0.526738575085486
0.227606473617406
0.199211507900811
0.328520190964093
0.383060029289619
0.338796981129832
0.363642780540997
0.155333776055349
0.466816898432262
0.479790671892500
0.329078377715984
0.426800150030657
0.436839753691737
0.457101847920216
0.333440030412598
0.521898809519126
0.313670319140163
0.614948278633652
0.327886973565809
0.590046688186678
0.344010623930072
0.519642250768502
0.536182919197431
0.363822212567295
0.462304233750830
0.588390509038435
0.377290882368108
0.396994544920307
0.257250650248338
0.340761620958435
0.551922576702252
0.301805618924922
0.547093527338272
0.264252671668514
0.304175684865607
0.506590685194345
