100 5.060606
13.000000 28.000000
18.060606 29.344221
23.121212 31.075138
28.181818 33.136070
33.242424 35.470325
38.303032 38.021225
43.363636 40.732079
48.424240 43.546204
53.484848 47.274845
58.545456 52.566818
63.606060 58.308926
68.666664 63.978615
73.727272 69.053345
78.787880 73.507706
83.848480 76.220932
88.909088 79.057114
93.969696 84.949600
99.030304 89.342888
104.090912 94.405525
109.151512 100.078964
114.212120 106.278183
119.272728 112.918152
124.333328 119.913849
129.393936 127.180237
134.454544 136.986801
139.515152 150.627106
144.575760 165.245575
149.636368 179.914047
154.696960 193.704407
159.757568 214.051102
164.818176 235.208908
169.878784 253.751144
174.939392 264.560547
180.000000 276.058533
185.060608 287.814423
190.121216 299.397491
195.181824 310.377136
200.242416 320.837921
205.303024 332.575500
210.363632 344.003113
215.424240 354.324402
220.484848 362.743011
225.545456 368.350433
230.606064 370.862000
235.666656 372.114319
240.727264 372.216217
245.787872 371.276520
250.848480 369.404022
255.909088 366.707581
260.969696 362.653320
266.030304 353.503052
271.090912 341.329132
276.151520 326.868469
281.212128 305.827850
286.272736 273.258118
291.333344 241.192078
296.393921 214.019348
301.454529 188.581345
306.515137 151.548584
311.575745 122.110718
316.636353 108.121681
321.696960 93.915421
326.757568 84.937988
331.818176 75.649925
336.878784 66.383316
341.939392 57.909550
347.000000 51.000004
352.060608 46.320889
357.121216 43.115417
362.181824 40.697830
367.242432 38.382374
372.303040 35.483288
377.363647 33.260437
382.424225 31.050623
387.484833 28.697241
392.545441 26.266384
397.606049 23.824148
402.666656 21.436628
407.727264 19.169922
412.787872 17.090122
417.848480 15.263325
422.909088 13.753302
427.969696 12.512229
433.030304 11.478526
438.090912 10.629059
443.151520 9.940694
448.212128 9.390298
453.272736 8.954737
458.333313 8.610879
463.393921 8.335589
468.454529 8.105736
473.515137 7.912807
478.575745 7.899652
483.636353 8.062601
488.696960 8.352754
493.757568 8.721207
498.818176 9.119060
503.878784 9.497411
508.939392 9.807358
514.000000 10.000000
